Original Start time:1452784163.74
First query start time:1452784163.74
Original Start time:1452785433.98
First query start time:1452785433.99
First query finish time:1452785435.95
First query total time:1.95960998535
Mega query start time:1452785436.04
Sub query finish time:1452785444.28
Sub query total time:8.24248719215
0 59 59 01 59 96 342 59 114 543 59 340 1264 59 354 1375 59 555 2466 59 556 2487 59 595 2668 59 658 2889 59 711 33810 59 764 36411 59 765 36512 59 768 36813 59 772 37114 59 849 37615 59 893 41316 59 905 41517 59 906 41618 59 953 45419 59 954 45520 59 1059 52521 59 1226 61122 59 1227 61223 59 1258 62724 59 2077 74325 59 2160 82826 59 2189 83727 59 2191 84028 59 2196 84529 59 3473 97230 59 3732 122531 59 3757 124832 59 3759 125033 59 3767 126034 59 3770 126535 59 3771 126936 59 3796 132037 59 3844 136638 59 3844 136739 59 3848 137140 59 3886 139941 59 4032 148242 59 4098 154943 59 4239 165644 59 4255 167545 59 4339 172146 59 4370 172547 59 4442 1829Original Start time:1452785857.23
First query start time:1452785857.23
First query finish time:1452785859.13
First query total time:1.89699912071
Mega query start time:1452785859.13
Sub query finish time:1452785868.3
Sub query total time:9.17638397217
0 59 59 01 59 96 342 59 114 543 59 340 1264 59 354 1375 59 555 2466 59 556 2487 59 595 2668 59 658 2889 59 711 33810 59 764 36411 59 765 36512 59 768 36813 59 772 37114 59 849 37615 59 893 41316 59 905 41517 59 906 41618 59 953 45419 59 954 45520 59 1059 52521 59 1226 61122 59 1227 61223 59 1258 62724 59 2077 74325 59 2160 82826 59 2189 83727 59 2191 84028 59 2196 84529 59 3473 97230 59 3732 122531 59 3757 124832 59 3759 125033 59 3767 126034 59 3770 126535 59 3771 126936 59 3796 132037 59 3844 136638 59 3844 136739 59 3848 137140 59 3886 139941 59 4032 148242 59 4098 154943 59 4239 165644 59 4255 167545 59 4339 172146 59 4370 172547 59 4442 182948 59 4974 192149 59 5250 206550 59 5253 207451 59 5253 207552 59 5753 207853 59 5760 208854 59 5779 211155 59 5924 224056 59 5934 226357 59 6041 2373Original Start time:1452785903.76
First query start time:1452785903.76
First query finish time:1452785905.58
First query total time:1.81779503822
Mega query start time:1452785905.58
Sub query finish time:1452785914.65
Sub query total time:9.07596111298
0 59 59 01 59 96 342 59 114 543 59 340 1264 59 354 1375 59 555 2466 59 556 2487 59 595 2668 59 658 2889 59 711 33810 59 764 36411 59 765 36512 59 768 36813 59 772 37114 59 849 37615 59 893 41316 59 905 41517 59 906 41618 59 953 45419 59 954 45520 59 1059 52521 59 1226 61122 59 1227 61223 59 1258 62724 59 2077 74325 59 2160 82826 59 2189 83727 59 2191 84028 59 2196 84529 59 3473 97230 59 3732 122531 59 3757 124832 59 3759 125033 59 3767 126034 59 3770 126535 59 3771 126936 59 3796 132037 59 3844 136638 59 3844 136739 59 3848 137140 59 3886 139941 59 4032 148242 59 4098 154943 59 4239 165644 59 4255 167545 59 4339 172146 59 4370 172547 59 4442 182948 59 4974 192149 59 5250 206550 59 5253 207451 59 5253 207552 59 5753 207853 59 5760 208854 59 5779 211155 59 5924 224056 59 5934 226357 59 6041 2373Original Start time:1452786916.19
First query start time:1452786916.19
First query finish time:1452786918.51
First query total time:2.32088589668
Mega query start time:1452786918.51
Sub query finish time:1452786928.33
Sub query total time:9.81975913048
0 59 59 01 59 96 342 59 114 543 59 340 1264 59 354 1375 59 555 2466 59 556 2487 59 595 2668 59 658 2889 59 711 33810 59 764 36411 59 765 36512 59 768 36813 59 772 37114 59 849 37615 59 893 41316 59 905 41517 59 906 41618 59 953 45419 59 954 45520 59 1059 52521 59 1226 61122 59 1227 61223 59 1258 62724 59 2077 74325 59 2160 82826 59 2189 83727 59 2191 84028 59 2196 84529 59 3473 97230 59 3732 122531 59 3757 124832 59 3759 125033 59 3767 126034 59 3770 126535 59 3771 126936 59 3796 132037 59 3844 136638 59 3844 136739 59 3848 137140 59 3886 139941 59 4032 148242 59 4098 154943 59 4239 165644 59 4255 167545 59 4339 172146 59 4370 172547 59 4442 182948 59 4974 192149 59 5250 206550 59 5253 207451 59 5253 207552 59 5753 207853 59 5760 208854 59 5779 211155 59 5924 224056 59 5934 226357 59 6041 237358 59 6072 2403Finished setup time:1452786946.68
The total time is:30.4952559471Average4The completion time was:1452786957.45
The total runtime was:41.2632880211
Original Start time:1452797709.52
First query start time:1452797709.54
First query finish time:1452797718.66
First query total time:9.11835193634
Mega query start time:1452797718.66
Sub query finish time:1452797831.16
Sub query total time:112.498270035
0 225 229 01 225 230 12 225 238 103 225 343 724 225 1007 2315 225 1152 3386 225 1863 5287 225 2411 8168 225 2465 8519 225 2710 104410 225 3091 117411 225 3269 135112 225 3278 136413 225 4438 137514 225 4851 154015 225 4868 156116 225 4876 157317 225 4877 157418 225 5112 165319 225 5252 170820 225 5347 176021 225 5682 199522 225 10914 255523 225 11780 321424 225 12018 350225 225 12018 350426 225 12054 360627 225 12667 370228 225 12925 385029 225 12945 388230 225 12953 389431 225 13152 399832 225 13157 400633 225 13977 424034 225 13980 424535 225 25544 480636 225 25755 486437 225 26995 490638 225 27335 492239 225 27586 508340 225 28069 519441 225 28446 537242 225 28569 544343 225 28616 547644 225 30954 588745 225 30954 589346 225 31199 606447 225 31291 613348 225 31305 615849 225 31829 630150 225 32999 633651 225 33050 639952 225 33496 653453 225 35231 677254 225 35253 679755 225 35263 680856 225 35335 685457 225 35352 686058 225 35360 688959 225 35367 690860 225 35379 694861 225 35379 694962 225 35379 695063 225 35390 697364 225 35467 710265 225 35708 714566 225 35716 715967 225 35951 728268 225 36116 744569 225 36564 761670 225 36573 762771 225 36578 763772 225 37172 781973 225 37221 785274 225 37428 801375 225 37471 807176 225 37622 814177 225 37640 816778 225 37813 837279 225 37819 838680 225 37858 845481 225 37859 845582 225 37895 848583 225 37900 850684 225 37915 850985 225 37949 855186 225 37949 855287 225 38169 864888 225 38173 865089 225 38174 865290 225 38270 879691 225 38270 880092 225 38318 889493 225 38522 916594 225 38544 920595 225 38548 920996 225 38626 922297 225 39722 938598 225 40110 942899 225 42469 9785100 225 42832 9840101 225 42833 9842102 225 42838 9850103 225 44025 9951104 225 44037 9987105 225 44044 10007106 225 44478 10192107 225 44490 10195108 225 45035 10337109 225 45039 10345110 225 45206 10422111 225 45589 10729112 225 45985 10810113 225 46700 10886114 225 46851 10941115 225 46856 10946116 225 48461 11375117 225 48491 11445118 225 48491 11456119 225 48517 11490120 225 48578 11537121 225 49108 11789122 225 49184 11835123 225 49243 11885124 225 49266 11919125 225 49354 12004126 225 49356 12006127 225 49668 12124128 225 49672 12130129 225 49708 12209130 225 49746 12279131 225 49755 12288132 225 50013 12476133 225 50031 12480134 225 50590 12859135 225 50612 12884136 225 50914 12992137 225 50932 13026138 225 50953 13061139 225 51553 13546140 225 51581 13580141 225 51623 13625142 225 51658 13694143 225 51913 13871144 225 51913 13872145 225 51913 13873146 225 51913 13874147 225 51913 13875148 225 51932 13895149 225 52273 14001150 225 52398 14044151 225 52407 14068152 225 52456 14126153 225 52487 14173154 225 52515 14199155 225 52681 14291156 225 53010 14533157 225 53072 14618158 225 53379 14849159 225 53411 14855160 225 53422 14875161 225 53469 14936162 225 53544 14962163 225 53785 15256164 225 53878 15371165 225 53906 15417166 225 54660 15525167 225 54714 15570168 225 55596 15778169 225 55750 15914170 225 55941 16005171 225 55941 16005172 225 57352 16529173 225 57402 16561174 225 57583 16779175 225 57626 16809176 225 57636 16820177 225 57658 16907178 225 57676 16951179 225 57685 16962180 225 58065 17090181 225 58944 17131182 225 58949 17141183 225 58964 17171184 225 59001 17195185 225 59076 17326186 225 59096 17356187 225 59101 17365188 225 59149 17408189 225 59554 17663190 225 61054 17897191 225 61072 17919192 225 61101 17958193 225 61121 18023194 225 61121 18024195 225 61157 18090196 225 61157 18091197 225 61197 18117198 225 61711 18257199 225 62053 18534200 225 62063 18548201 225 62100 18621202 225 62131 18671203 225 62172 18728204 225 62176 18733205 225 62177 18744206 225 62249 18857207 225 62249 18858208 225 62279 18888209 225 62294 18916210 225 62809 19103211 225 62859 19178212 225 62900 19221213 225 62938 19292214 225 63286 19374215 225 63564 19497216 225 63564 19498217 225 63564 19499218 225 63564 19500219 225 63564 19501220 225 63661 19574221 225 63669 19591222 225 65011 19706223 225 65125 19740224 225 65219 19857Finished setup time:1452801207.14
The total time is:3497.61752796Average6The completion time was:1452801228.19
The total runtime was:3518.67039013
Original Start time:1452832114.0
Original Start time:1452832177.52
Original Start time:1452832222.47
Original Start time:1452832268.5
Original Start time:1452832304.77
First query start time:1452832304.79
First query finish time:1452832311.39
First query total time:6.59535288811
Mega query start time:1452832311.51
Sub query finish time:1452832364.97
Sub query total time:53.4529349804
Finished setup time:1452832364.99
The total time is:60.2196199894Original Start time:1452833243.01
First query start time:1452833243.02
First query finish time:1452833247.02
First query total time:3.99839091301
Mega query start time:1452833247.03
Sub query finish time:1452833253.89
Sub query total time:6.86641192436
Finished setup time:1452833253.92
The total time is:10.9150769711Original Start time:1452833334.42
First query start time:1452833334.42
First query finish time:1452833339.75
First query total time:5.32984209061
Mega query start time:1452833339.75
Sub query finish time:1452833356.22
Sub query total time:16.468018055
Finished setup time:1452833356.23
The total time is:21.8172900677Original Start time:1452833378.13
First query start time:1452833378.13
First query finish time:1452833382.39
First query total time:4.26608991623
Mega query start time:1452833382.4
Sub query finish time:1452833400.27
Sub query total time:17.8700191975
Finished setup time:1452833400.28
The total time is:22.1500058174Original Start time:1452833449.13
First query start time:1452833449.13
First query finish time:1452833457.2
First query total time:8.07307815552
Mega query start time:1452833457.21
Sub query finish time:1452833484.99
Sub query total time:27.7790439129
Finished setup time:1452833485.0
The total time is:35.8704991341Original Start time:1452833642.16
First query start time:1452833642.19
First query finish time:1452833648.87
First query total time:6.67547702789
Mega query start time:1452833648.92
Sub query finish time:1452833679.17
Sub query total time:30.2459099293
Finished setup time:1452833679.18
The total time is:37.0177760124Original Start time:1452833701.9
First query start time:1452833701.9
First query finish time:1452833705.75
First query total time:3.84935188293
Mega query start time:1452833705.75
Sub query finish time:1452833739.73
Sub query total time:33.9758448601
Finished setup time:1452833739.75
The total time is:37.8501682281Original Start time:1452834031.1
First query start time:1452834031.12
First query finish time:1452834046.85
First query total time:15.730214119
Mega query start time:1452834046.9
Sub query finish time:1452834057.47
Sub query total time:10.5749328136
Finished setup time:1452834057.49
The total time is:26.3840630054Original Start time:1452835361.56
First query start time:1452835361.58
First query finish time:1452835372.61
First query total time:11.0338261127
Mega query start time:1452835372.77
Sub query finish time:1452835380.36
Sub query total time:7.590239048
Finished setup time:1452835380.36
The total time is:18.8003621101Original Start time:1452868354.27
First query start time:1452868354.28
First query finish time:1452868363.28
First query total time:8.99942207336
Mega query start time:1452868363.32
Sub query finish time:1452868381.25
Sub query total time:17.934844017
Finished setup time:1452868381.25
The total time is:26.9843509197Original Start time:1452877332.92
First query start time:1452877332.93
First query finish time:1452877338.12
First query total time:5.18345212936
Mega query start time:1452877338.17
Sub query finish time:1452877387.24
Sub query total time:49.0774538517
Finished setup time:1452877387.24
The total time is:54.327452898Original Start time:1452880346.55
First query start time:1452880346.56
First query finish time:1452880352.89
First query total time:6.3334069252
Mega query start time:1452880352.94
Sub query finish time:1452880427.49
Sub query total time:74.5537929535
Finished setup time:1452880427.51
The total time is:80.966217041Original Start time:1452882658.96
First query start time:1452882658.97
First query finish time:1452882664.83
First query total time:5.86383199692
Mega query start time:1452882664.95
Sub query finish time:1452882674.96
Sub query total time:10.0108370781
Finished setup time:1452882674.96
The total time is:15.9947099686Original Start time:1452885644.52
First query start time:1452885644.53
First query finish time:1452885650.5
First query total time:5.96998000145
Mega query start time:1452885650.54
Sub query finish time:1452885726.45
Sub query total time:75.9119439125
Finished setup time:1452885726.45
The total time is:81.9281151295Original Start time:1452885857.49
Original Start time:1452885944.55
Original Start time:1452885980.69
First query start time:1452885980.69
First query finish time:1452885985.46
First query total time:4.76829814911
Mega query start time:1452885985.46
Sub query finish time:1452886061.82
Sub query total time:76.3552861214
Finished setup time:1452886061.82
The total time is:81.1279771328Original Start time:1469753447.7
First query start time:1469753447.7
Original Start time:1469753859.06
First query start time:1469753859.06
Original Start time:1469753901.82
First query start time:1469753901.82
First query start time:1469754256.96
First query end time:1469754256.96
First query total time:0.00210309028625
Start time:1469754256.95
Setup finish time:1469754256.95
Setup time:0.0130829811096
First query start time:1469754771.71
First query end time:1469754771.71
First query total time:0.00187587738037
Start time:1469754771.7
Setup finish time:1469754771.7
Setup time:0.0120770931244
First query start time:1469754788.62
First query end time:1469754788.62
First query total time:0.0016131401062
Start time:1469754788.62
Setup finish time:1469754788.62
Setup time:0.0116939544678
First query start time:1469754801.17
First query end time:1469754801.17
First query total time:0.00156807899475
Start time:1469754801.16
Setup finish time:1469754801.16
Setup time:0.00977516174316
Finish time:1469754801.17
Total  time:0.0103371143341
First query start time:1469754819.88
First query end time:1469754819.88
First query total time:0.00140500068665
Start time:1469754819.87
Setup finish time:1469754819.87
Setup time:0.00958609580994
Finish time:1469754819.88
Total  time:0.0100960731506
Original Start time:1469755393.88
First query start time:1469755393.88
Original Start time:1470178277.82
First query start time:1470178277.82
Original Start time:1470178303.99
Original Start time:1470178529.61
First query start time:1470178529.61
First query start time:1470178303.99
Original Start time:1470178586.13
Original Start time:1470178627.24
First query start time:1470178627.24
Original Start time:1470178744.88
Original Start time:1470178760.42
First query start time:1470178760.42
First query finish time:1470178762.21
First query total time:1.79103708267
Mega query start time:1470178760.42
Sub query finish time:1470178763.45
Sub query total time:3.02909612656
Finished setup time:1470178763.45
The total time is:3.02941703796First query start time:1470178744.88
Original Start time:1470178829.76
First query start time:1470178829.76
First query finish time:1470178831.35
First query total time:1.58969116211
Mega query start time:1470178829.76
Sub query finish time:1470178832.62
Sub query total time:2.85326099396
Finished setup time:1470178832.62
The total time is:2.85379886627Original Start time:1470178847.24
Original Start time:1470178888.1
Original Start time:1470178896.61
First query start time:1470178896.61
First query finish time:1470178898.5
First query total time:1.88622283936
Mega query start time:1470178896.61
Sub query finish time:1470178899.74
Sub query total time:3.12918591499
0 2 2 0Original Start time:1470179315.95
First query start time:1470179315.95
First query finish time:1470179317.73
First query total time:1.7825319767
Mega query start time:1470179315.95
Sub query finish time:1470179318.95
Sub query total time:3.00823402405
0 2 2 01 2 2 0Finished setup time:1470179318.96
The total time is:3.00886178017Average0Original Start time:1470179328.67
First query start time:1470179328.67
First query finish time:1470179330.43
First query total time:1.75921797752
Mega query start time:1470179328.67
Sub query finish time:1470179331.74
Sub query total time:3.06817102432
0 2 2 01 2 2 0Finished setup time:1470179331.74
The total time is:3.0688700676Average0Original Start time:1470179338.91
First query start time:1470179338.91
First query finish time:1470179340.58
First query total time:1.66552519798
Mega query start time:1470179338.91
Sub query finish time:1470179342.0
Sub query total time:3.09039402008
0 2 2 01 2 2 0Finished setup time:1470179342.0
The total time is:3.09107089043Average0The completion time was:1470179342.0
The total runtime was:3.09166193008
Original Start time:1470179346.42
First query start time:1470179346.42
First query finish time:1470179348.14
First query total time:1.71224188805
Mega query start time:1470179346.42
Sub query finish time:1470179349.42
Sub query total time:2.99416685104
0 2 2 01 2 2 0Finished setup time:1470179349.42
The total time is:2.99470615387Average0Original Start time:1470179687.89
First query start time:1470179687.89
First query finish time:1470179690.34
First query total time:2.44378089905
Mega query start time:1470179687.89
Sub query finish time:1470179692.6
Sub query total time:4.70314693451
0 2 2 01 2 2 0Finished setup time:1470179692.6
The total time is:4.70406913757Average0First query start time:1470276849.42
First query end time:1470276849.42
First query total time:0.00297999382019
Start time:1470276849.4
Setup finish time:1470276849.4
Setup time:0.0262320041656
Finish time:1470276849.43
Total  time:0.0302720069885
First query start time:1470276858.96
First query end time:1470276858.96
First query total time:0.00214886665344
Start time:1470276858.96
Setup finish time:1470276858.96
Setup time:0.00434684753418
First query start time:1470277020.71
First query end time:1470277020.71
First query total time:0.00139999389648
Start time:1470277020.7
Setup finish time:1470277020.7
Setup time:0.0122230052948
First query start time:1470277545.3
First query end time:1470277545.3
First query total time:0.00184917449951
Start time:1470277545.3
Setup finish time:1470277545.3
Setup time:0.0133328437805
First query start time:1470277749.51
First query end time:1470277749.51
First query total time:0.00231289863586
Start time:1470277749.5
Setup finish time:1470277749.5
Setup time:0.0130579471588
First query start time:1470277757.13
First query end time:1470277757.13
First query total time:0.00161099433899
Start time:1470277757.12
Setup finish time:1470277757.12
Setup time:0.0105319023132
First query start time:1470277814.03
First query end time:1470277814.03
First query total time:0.00151586532593
Start time:1470277814.02
Setup finish time:1470277814.02
Setup time:0.0123279094696
First query start time:1470277837.36
First query end time:1470277837.36
First query total time:0.00187301635742
Start time:1470277837.35
Setup finish time:1470277837.35
Setup time:0.0126910209656
First query start time:1470277957.18
First query end time:1470277957.18
First query total time:0.00242900848389
Start time:1470277957.17
Setup finish time:1470277957.17
Setup time:0.0143811702728
Finish time:1470277962.32
Total  time:5.14947414398
First query start time:1470278382.75
First query end time:1470278382.75
First query total time:0.00281190872192
Start time:1470278382.73
Setup finish time:1470278382.73
Setup time:0.0195870399475
Finish time:1470278387.89
Total  time:5.15881514549
First query start time:1470363715.69
First query end time:1470363715.69
First query total time:0.0024299621582
Start time:1470363715.68
Setup finish time:1470363715.68
Setup time:0.0155320167542
Finish time:1470363720.82
Total  time:5.14253091812
First query start time:1470363736.45
First query end time:1470363736.45
First query total time:0.00152492523193
Start time:1470363736.44
Setup finish time:1470363736.44
Setup time:0.0121371746063
Finish time:1470363746.63
Total  time:10.1880290508
Start time:1470363858.52
First query start time:1470363865.95
Original Start time:1470366707.81
First query start time:1470366707.81
First query finish time:1470366712.61
First query total time:4.80249404907
Mega query start time:1470366712.62
Sub query finish time:1470366785.1
Sub query total time:72.4804868698
0 225 229 01 225 229 02 225 229 03 225 229 04 225 229 05 225 229 06 225 229 07 225 229 08 225 229 09 225 229 010 225 229 011 225 229 012 225 229 013 225 229 014 225 229 015 225 229 016 225 229 017 225 229 018 225 229 019 225 229 020 225 229 021 225 229 022 225 229 023 225 229 024 225 229 025 225 229 026 225 229 027 225 229 028 225 229 029 225 229 030 225 229 031 225 229 032 225 229 033 225 229 034 225 229 035 225 229 036 225 229 037 225 229 038 225 229 039 225 229 040 225 229 041 225 229 042 225 229 043 225 229 044 225 229 045 225 229 046 225 229 047 225 229 048 225 229 049 225 229 050 225 229 051 225 229 052 225 229 053 225 229 054 225 229 055 225 229 056 225 229 057 225 229 058 225 229 059 225 229 060 225 229 061 225 229 062 225 229 063 225 229 064 225 229 065 225 229 066 225 229 067 225 229 068 225 229 069 225 229 070 225 229 071 225 229 072 225 229 073 225 229 074 225 229 075 225 229 076 225 229 077 225 229 078 225 229 079 225 229 080 225 229 081 225 229 082 225 229 083 225 229 084 225 229 085 225 229 086 225 229 087 225 229 088 225 229 089 225 229 090 225 229 091 225 229 092 225 229 093 225 229 094 225 229 095 225 229 096 225 229 097 225 229 098 225 229 099 225 229 0100 225 229 0101 225 229 0102 225 229 0103 225 229 0104 225 229 0105 225 229 0106 225 229 0107 225 229 0108 225 229 0109 225 229 0110 225 229 0111 225 229 0112 225 229 0113 225 229 0114 225 229 0115 225 229 0116 225 229 0117 225 229 0118 225 229 0119 225 229 0120 225 229 0121 225 229 0122 225 229 0123 225 229 0124 225 229 0125 225 229 0126 225 229 0127 225 229 0128 225 229 0129 225 229 0130 225 229 0131 225 229 0132 225 229 0133 225 229 0134 225 229 0135 225 229 0136 225 229 0137 225 229 0138 225 229 0139 225 229 0140 225 229 0141 225 229 0142 225 229 0143 225 229 0144 225 229 0145 225 229 0146 225 229 0147 225 229 0148 225 229 0149 225 229 0150 225 229 0151 225 229 0152 225 229 0153 225 229 0154 225 229 0155 225 229 0156 225 229 0157 225 229 0158 225 229 0159 225 229 0160 225 229 0161 225 229 0162 225 229 0163 225 229 0164 225 229 0165 225 229 0166 225 229 0167 225 229 0168 225 229 0169 225 229 0170 225 229 0171 225 229 0172 225 229 0173 225 229 0174 225 229 0175 225 229 0176 225 229 0177 225 229 0178 225 229 0179 225 229 0180 225 229 0181 225 229 0182 225 229 0183 225 229 0184 225 229 0185 225 229 0186 225 229 0187 225 229 0188 225 229 0189 225 229 0190 225 229 0191 225 229 0192 225 229 0193 225 229 0194 225 229 0195 225 229 0196 225 229 0197 225 229 0198 225 229 0199 225 229 0200 225 229 0201 225 229 0202 225 229 0203 225 229 0204 225 229 0205 225 229 0206 225 229 0207 225 229 0208 225 229 0209 225 229 0210 225 229 0211 225 229 0212 225 229 0213 225 229 0214 225 229 0215 225 229 0216 225 229 0217 225 229 0218 225 229 0219 225 229 0220 225 229 0221 225 229 0222 225 229 0223 225 229 0224 225 229 0Finished setup time:1470366785.24
The total time is:77.425568819Average0Original Start time:1470366805.34
First query start time:1470366805.34
First query finish time:1470366809.52
First query total time:4.17853283882
Mega query start time:1470366809.52
Sub query finish time:1470366885.04
Sub query total time:75.523966074
0 225 229 01 225 229 02 225 229 03 225 229 04 225 229 05 225 229 06 225 229 07 225 229 08 225 229 09 225 229 010 225 229 011 225 229 012 225 229 013 225 229 014 225 229 015 225 229 016 225 229 017 225 229 018 225 229 019 225 229 020 225 229 021 225 229 022 225 229 023 225 229 024 225 229 025 225 229 026 225 229 027 225 229 028 225 229 029 225 229 030 225 229 031 225 229 032 225 229 033 225 229 034 225 229 035 225 229 036 225 229 037 225 229 038 225 229 039 225 229 040 225 229 041 225 229 042 225 229 043 225 229 044 225 229 045 225 229 046 225 229 047 225 229 048 225 229 049 225 229 050 225 229 051 225 229 052 225 229 053 225 229 054 225 229 055 225 229 056 225 229 057 225 229 058 225 229 059 225 229 060 225 229 061 225 229 062 225 229 063 225 229 064 225 229 065 225 229 066 225 229 067 225 229 068 225 229 069 225 229 070 225 229 071 225 229 072 225 229 073 225 229 074 225 229 075 225 229 076 225 229 077 225 229 078 225 229 079 225 229 080 225 229 081 225 229 082 225 229 083 225 229 084 225 229 085 225 229 086 225 229 087 225 229 088 225 229 089 225 229 090 225 229 091 225 229 092 225 229 093 225 229 094 225 229 095 225 229 096 225 229 097 225 229 098 225 229 099 225 229 0100 225 229 0101 225 229 0102 225 229 0103 225 229 0104 225 229 0105 225 229 0106 225 229 0107 225 229 0108 225 229 0109 225 229 0110 225 229 0111 225 229 0112 225 229 0113 225 229 0114 225 229 0115 225 229 0116 225 229 0117 225 229 0118 225 229 0119 225 229 0120 225 229 0121 225 229 0122 225 229 0123 225 229 0124 225 229 0125 225 229 0126 225 229 0127 225 229 0128 225 229 0129 225 229 0130 225 229 0131 225 229 0132 225 229 0133 225 229 0134 225 229 0135 225 229 0136 225 229 0137 225 229 0138 225 229 0139 225 229 0140 225 229 0141 225 229 0142 225 229 0143 225 229 0144 225 229 0145 225 229 0146 225 229 0147 225 229 0148 225 229 0149 225 229 0150 225 229 0151 225 229 0152 225 229 0153 225 229 0154 225 229 0155 225 229 0156 225 229 0157 225 229 0158 225 229 0159 225 229 0160 225 229 0161 225 229 0162 225 229 0163 225 229 0164 225 229 0165 225 229 0166 225 229 0167 225 229 0168 225 229 0169 225 229 0170 225 229 0171 225 229 0172 225 229 0173 225 229 0174 225 229 0175 225 229 0176 225 229 0177 225 229 0178 225 229 0179 225 229 0180 225 229 0181 225 229 0182 225 229 0183 225 229 0184 225 229 0185 225 229 0186 225 229 0187 225 229 0188 225 229 0189 225 229 0190 225 229 0191 225 229 0192 225 229 0193 225 229 0194 225 229 0195 225 229 0196 225 229 0197 225 229 0198 225 229 0199 225 229 0200 225 229 0201 225 229 0202 225 229 0203 225 229 0204 225 229 0205 225 229 0206 225 229 0207 225 229 0208 225 229 0209 225 229 0210 225 229 0211 225 229 0212 225 229 0213 225 229 0214 225 229 0215 225 229 0216 225 229 0217 225 229 0218 225 229 0219 225 229 0220 225 229 0221 225 229 0222 225 229 0223 225 229 0224 225 229 0Finished setup time:1470366885.23
The total time is:79.8908610344Average0The completion time was:1470366890.35
The total runtime was:85.011384964
Original Start time:1470366989.94
First query start time:1470366989.94
First query finish time:1470366994.28
First query total time:4.33413219452
Mega query start time:1470367000.53
Sub query finish time:1470367080.62
Sub query total time:80.0904541016
0 225 229 01 225 229 02 225 229 03 225 229 04 225 229 05 225 229 06 225 229 07 225 229 08 225 229 09 225 229 010 225 229 011 225 229 012 225 229 013 225 229 014 225 229 015 225 229 016 225 229 017 225 229 018 225 229 019 225 229 020 225 229 021 225 229 022 225 229 023 225 229 024 225 229 025 225 229 026 225 229 027 225 229 028 225 229 029 225 229 030 225 229 031 225 229 032 225 229 033 225 229 034 225 229 035 225 229 036 225 229 037 225 229 038 225 229 039 225 229 040 225 229 041 225 229 042 225 229 043 225 229 044 225 229 045 225 229 046 225 229 047 225 229 048 225 229 049 225 229 050 225 229 051 225 229 052 225 229 053 225 229 054 225 229 055 225 229 056 225 229 057 225 229 058 225 229 059 225 229 060 225 229 061 225 229 062 225 229 063 225 229 064 225 229 065 225 229 066 225 229 067 225 229 068 225 229 069 225 229 070 225 229 071 225 229 072 225 229 073 225 229 074 225 229 075 225 229 076 225 229 077 225 229 078 225 229 079 225 229 080 225 229 081 225 229 082 225 229 083 225 229 084 225 229 085 225 229 086 225 229 087 225 229 088 225 229 089 225 229 090 225 229 091 225 229 092 225 229 093 225 229 094 225 229 095 225 229 096 225 229 097 225 229 098 225 229 099 225 229 0100 225 229 0101 225 229 0102 225 229 0103 225 229 0104 225 229 0105 225 229 0106 225 229 0107 225 229 0108 225 229 0109 225 229 0110 225 229 0111 225 229 0112 225 229 0113 225 229 0114 225 229 0115 225 229 0116 225 229 0117 225 229 0118 225 229 0119 225 229 0120 225 229 0121 225 229 0122 225 229 0123 225 229 0124 225 229 0125 225 229 0126 225 229 0127 225 229 0128 225 229 0129 225 229 0130 225 229 0131 225 229 0132 225 229 0133 225 229 0134 225 229 0135 225 229 0136 225 229 0137 225 229 0138 225 229 0139 225 229 0140 225 229 0141 225 229 0142 225 229 0143 225 229 0144 225 229 0145 225 229 0146 225 229 0147 225 229 0148 225 229 0149 225 229 0150 225 229 0151 225 229 0152 225 229 0153 225 229 0154 225 229 0155 225 229 0156 225 229 0157 225 229 0158 225 229 0159 225 229 0160 225 229 0161 225 229 0162 225 229 0163 225 229 0164 225 229 0165 225 229 0166 225 229 0167 225 229 0168 225 229 0169 225 229 0170 225 229 0171 225 229 0172 225 229 0173 225 229 0174 225 229 0175 225 229 0176 225 229 0177 225 229 0178 225 229 0179 225 229 0180 225 229 0181 225 229 0182 225 229 0183 225 229 0184 225 229 0185 225 229 0186 225 229 0187 225 229 0188 225 229 0189 225 229 0190 225 229 0191 225 229 0192 225 229 0193 225 229 0194 225 229 0195 225 229 0196 225 229 0197 225 229 0198 225 229 0199 225 229 0200 225 229 0201 225 229 0202 225 229 0203 225 229 0204 225 229 0205 225 229 0206 225 229 0207 225 229 0208 225 229 0209 225 229 0210 225 229 0211 225 229 0212 225 229 0213 225 229 0214 225 229 0215 225 229 0216 225 229 0217 225 229 0218 225 229 0219 225 229 0220 225 229 0221 225 229 0222 225 229 0223 225 229 0224 225 229 0Original Start time:1470368929.46
First query start time:1470368929.46
First query finish time:1470368946.87
First query total time:17.4089591503
Mega query start time:1470368946.91
Sub query finish time:1470369167.9
Sub query total time:220.990339041
0 225 229 0Original Start time:1470614445.26
Original Start time:1470615087.38
First query start time:1470615090.9
First query finish time:1470615095.16
First query total time:4.2565870285
Mega query start time:1470615260.47
Sub query finish time:1470615344.92
Sub query total time:84.4505500793
0 225 229 01 225 232 42 225 342 993 225 640 3744 225 680 4145 225 684 4196 225 770 4327 225 1922 6018 225 2318 6459 225 4809 100810 225 5180 106311 225 5181 106512 225 5187 107313 225 6401 117614 225 6425 121315 225 6433 123416 225 6434 123517 225 6921 142518 225 6933 142819 225 7496 157020 225 7500 157821 225 7669 165522 225 8144 196423 225 8554 204724 225 9279 212325 225 9741 230026 225 9830 235227 225 9987 240928 225 21633 297329 225 21638 297830 225 21854 303631 225 21864 304732 225 21869 305733 225 22491 324234 225 23733 328335 225 24073 329936 225 24124 333237 225 24339 349638 225 24388 355639 225 24544 362740 225 24561 365341 225 24750 386042 225 24755 387543 225 24988 403644 225 25030 410445 225 25031 410546 225 25067 413547 225 25545 424648 225 25550 426749 225 25912 444650 225 25927 444951 225 25959 449152 225 26086 456253 225 26129 459454 225 26129 459555 225 26363 469456 225 28697 510557 225 28697 511158 225 28951 528359 225 29048 535460 225 29063 537961 225 29592 552562 225 29884 576263 225 31054 579664 225 31109 585965 225 31113 586166 225 31550 599767 225 31551 599968 225 33298 623869 225 33320 626370 225 33328 627471 225 33398 632172 225 33415 632773 225 33424 635774 225 33430 637675 225 33441 641776 225 33441 641877 225 33441 641978 225 33452 644379 225 33521 657680 225 33762 662081 225 33770 663482 225 34004 675783 225 34178 692084 225 39333 747985 225 40147 814086 225 40381 842787 225 40381 842988 225 40415 853189 225 40828 881990 225 41433 8915Original Start time:1470798180.86
First query start time:1470798180.86
First query finish time:1470798189.58
First query total time:8.72266793251
Original Start time:1470798191.1
Original Start time:1470798220.97
Original Start time:1470798233.28
First query start time:1470798233.28
First query finish time:1470798238.21
First query total time:4.93419909477
First query start time:1470798220.97
First query finish time:1470798226.29
First query total time:5.32585692406
Original Start time:1470798557.84
First query start time:1470798557.84
First query finish time:1470798562.5
First query total time:4.66461205482
Original Start time:1470798821.27
First query start time:1470798821.27
First query finish time:1470798825.67
First query total time:4.39203214645
Original Start time:1470798881.83
First query start time:1470798881.83
First query finish time:1470798886.72
First query total time:4.88971281052
Original Start time:1470798980.04
Original Start time:1470799123.95
First query start time:1470799123.95
First query finish time:1470799128.59
First query total time:4.63272500038
Mega query start time:1470799202.57
Sub query finish time:1470799285.42
Sub query total time:82.8486821651
0 225 229 01 225 232 42 225 342 993 225 640 3744 225 680 4145 225 684 4196 225 770 4327 225 1922 6018 225 2318 6459 225 4809 100810 225 5180 106311 225 5181 106512 225 5187 107313 225 6401 117614 225 6425 121315 225 6433 123416 225 6434 123517 225 6921 142518 225 6933 142819 225 7496 157020 225 7500 157821 225 7669 165522 225 8144 196423 225 8554 204724 225 9279 212325 225 9741 230026 225 9830 235227 225 9987 240928 225 21633 297329 225 21638 297830 225 21854 303631 225 21864 304732 225 21869 305733 225 22491 324234 225 23733 328335 225 24073 329936 225 24124 333237 225 24339 349638 225 24388 355639 225 24544 362740 225 24561 365341 225 24750 386042 225 24755 387543 225 24988 403644 225 25030 410445 225 25031 410546 225 25067 413547 225 25545 424648 225 25550 426749 225 25912 444650 225 25927 444951 225 25959 449152 225 26086 456253 225 26129 459454 225 26129 459555 225 26363 469456 225 28697 510557 225 28697 511158 225 28951 528359 225 29048 535460 225 29063 537961 225 29592 552562 225 29884 576263 225 31054 579664 225 31109 585965 225 31113 586166 225 31550 599767 225 31551 599968 225 33298 623869 225 33320 626370 225 33328 627471 225 33398 632172 225 33415 632773 225 33424 635774 225 33430 637675 225 33441 641776 225 33441 641877 225 33441 641978 225 33452 644379 225 33521 657680 225 33762 662081 225 33770 663482 225 34004 675783 225 34178 692084 225 39333 747985 225 40147 814086 225 40381 842787 225 40381 842988 225 40415 853189 225 40828 881990 225 41433 891591 225 41682 906492 225 41696 909693 225 41702 910894 225 41901 921395 225 41905 922096 225 42712 945797 225 42837 956398 225 42839 956899 225 42878 9602100 225 43048 9794101 225 43404 9918102 225 43570 10095103 225 43577 10108104 225 44735 10119105 225 45135 10284106 225 45147 10305107 225 45151 10317108 225 45152 10318109 225 45366 10397110 225 45482 10452111 225 46144 10642112 225 46735 10801113 225 46829 10863114 225 46831 10872115 225 48437 11303116 225 48467 11375117 225 48467 11386118 225 48494 11420119 225 48555 11471120 225 49085 11729121 225 49161 11775122 225 49220 11826123 225 49243 11860124 225 49331 11947125 225 49333 11949126 225 49645 12070127 225 49649 12076128 225 49685 12156129 225 49723 12226130 225 49732 12235131 225 49991 12431132 225 50009 12436133 225 50568 12818134 225 50590 12843135 225 50892 12952136 225 50910 12988137 225 50931 13023138 225 51531 13517139 225 51559 13551140 225 51601 13596141 225 51636 13667142 225 51891 13847143 225 51891 13848144 225 51891 13849145 225 51891 13850146 225 51891 13851147 225 51910 13871148 225 52251 13979149 225 52376 14026150 225 52385 14052151 225 52434 14110152 225 52465 14158153 225 52493 14184154 225 52659 14278155 225 52988 14523156 225 53050 14611157 225 53357 14850158 225 53389 14855159 225 53400 14875160 225 53447 14936161 225 53522 14965162 225 53763 15271163 225 53856 15389164 225 53884 15437165 225 54638 15546166 225 54692 15593167 225 55574 15807168 225 55728 15944169 225 55919 16036170 225 55919 16037171 225 57330 16565172 225 57380 16598173 225 57561 16823174 225 57604 16853175 225 57614 16865176 225 57637 16954177 225 57655 17002178 225 57664 17014179 225 58044 17145180 225 58923 17187181 225 58928 17197182 225 58943 17227183 225 58980 17251184 225 59055 17382185 225 59075 17412186 225 59080 17421187 225 59128 17466188 225 59533 17727189 225 61033 17968190 225 61051 17990191 225 61080 18032192 225 61100 18100193 225 61100 18101194 225 61136 18169195 225 61136 18170196 225 61176 18197197 225 61690 18338198 225 62032 18625199 225 62042 18639200 225 62079 18711201 225 62110 18765202 225 62152 18822203 225 62156 18827204 225 62157 18838205 225 62229 18959206 225 62229 18960207 225 62259 18992208 225 62274 19020209 225 62789 19218210 225 62839 19293211 225 62880 19337212 225 62918 19422213 225 63266 19507214 225 63544 19633215 225 63544 19634216 225 63544 19635217 225 63544 19636218 225 63544 19637219 225 63641 19714220 225 63649 19731221 225 64991 19852222 225 65105 19886Original Start time:1472856683.62
First query start time:1472856683.62
First query finish time:1472856690.16
First query total time:6.53503298759
Mega query start time:1472856788.2
Sub query finish time:1472856876.33
Sub query total time:88.1272649765
0 225 229 01 225 232 42 225 326 993 225 624 3744 225 664 4145 225 668 4196 225 754 432Original Start time:1473087684.97
Original Start time:1473087755.02
First query start time:1473087755.02
Original Start time:1473088132.59
Original Start time:1473093342.34
Original Start time:1473093506.25
First query start time:1473093506.25
Original Start time:1473099896.59
Original Start time:1473191851.42
First query start time:1473191851.43
Original Start time:1473192733.42
First query start time:1473192733.43
Original Start time:1473195958.02
First query start time:1473195958.03
First query finish time:1473195967.24
First query total time:9.21187400818
Mega query start time:1473195984.78
Sub query finish time:1473196239.03
Sub query total time:254.247079849
0 49 49 01 49 53 42 49 157 993 49 474 3744 49 517 4145 49 521 4196 49 607 4327 49 1762 6018 49 2158 6459 49 4656 100810 49 5028 106311 49 5029 106512 49 5035 107313 49 6251 117614 49 6276 121315 49 6284 123416 49 6285 123517 49 6772 142518 49 6784 142819 49 7348 157020 49 7352 157821 49 7522 165522 49 8002 196423 49 8024 199024 49 8749 206625 49 9215 224326 49 9306 229527 49 9463 2352Original Start time:1473212177.43
Original Start time:1473214087.61
First query start time:1473214087.61
First query start time:1473212177.43
First query finish time:1473212182.19
First query total time:4.76195693016
Mega query start time:1473212202.42
Sub query finish time:1473212445.04
Sub query total time:242.625705004
0 49 49 01 49 53 42 49 157 993 49 474 3744 49 517 4145 49 521 4196 49 607 4327 49 1762 6018 49 2158 6459 49 4656 100810 49 5028 106311 49 5029 106512 49 5035 1073Original Start time:1473214109.25
First query start time:1473214109.25
First query finish time:1473214114.09
First query total time:4.84057998657
Original Start time:1473214149.68
First query start time:1473214149.68
First query finish time:1473214154.72
First query total time:5.03857398033
Mega query start time:1473214171.14
Sub query finish time:1473214413.44
Sub query total time:242.295614004
0 49 49 01 49 53 42 49 157 993 49 474 3744 49 517 4145 49 521 4196 49 607 4327 49 1762 6018 49 2158 6459 49 4656 100810 49 5028 106311 49 5029 106512 49 5035 107313 49 6251 117614 49 6276 121315 49 6284 123416 49 6285 123517 49 6772 142518 49 6784 142819 49 7348 157020 49 7352 157821 49 7522 165522 49 8002 196423 49 8024 199024 49 8749 206625 49 9215 224326 49 9306 229527 49 9463 235228 49 21112 291629 49 21117 292130 49 21333 297931 49 21343 299032 49 21349 300033 49 21974 318534 49 23217 322635 49 23557 324236 49 23608 327537 49 23825 343938 49 23877 349939 49 24034 357040 49 24051 359641 49 24241 380342 49 24246 381843 49 24479 397944 49 24523 404745 49 24524 404846 49 24560 4078Original Start time:1473263548.93
First query start time:1473263548.93
First query finish time:1473263555.07
First query total time:6.14253592491
Mega query start time:1473263639.54
Sub query finish time:1473263728.4
Sub query total time:88.8608410358
0 225 229 01 225 232 42 225 326 99Original Start time:1473344983.02
First query start time:1473344983.02
First query finish time:1473344991.67
First query total time:8.65005302429
Mega query start time:1473345115.11
Sub query finish time:1473345240.16
Sub query total time:125.048120975
0 225 229 01 225 232 42 225 326 993 225 624 3744 225 664 4145 225 668 4196 225 754 4327 225 1906 6018 225 2302 6459 225 4793 100810 225 5164 106311 225 5165 106512 225 5171 107313 225 6385 117614 225 6409 121315 225 6417 123416 225 6418 123517 225 6905 142518 225 6917 142819 225 7480 157020 225 7484 157821 225 7653 165522 225 8128 196423 225 8538 204724 225 9263 212325 225 9725 230026 225 9814 235227 225 9971 240928 225 21617 297329 225 21622 297830 225 21838 303631 225 21848 304732 225 21853 305733 225 22475 324234 225 23717 328335 225 24057 329936 225 24108 333237 225 24323 349638 225 24372 355639 225 24528 362740 225 24545 365341 225 24734 386042 225 24739 387543 225 24972 403644 225 25014 410445 225 25015 410546 225 25051 413547 225 25529 424648 225 25534 426749 225 25896 444650 225 25911 444951 225 25943 449152 225 26070 456253 225 26113 459454 225 26113 459555 225 26347 469456 225 28681 510557 225 28681 511158 225 28935 528359 225 29032 535460 225 29047 537961 225 29576 552562 225 29868 576263 225 31038 579664 225 31093 585965 225 31097 586166 225 31534 599767 225 31535 599968 225 33282 623869 225 33304 626370 225 33312 627471 225 33382 632172 225 33399 632773 225 33408 635774 225 33414 637675 225 33425 641776 225 33425 641877 225 33425 641978 225 33436 644379 225 33505 657680 225 33746 662081 225 33754 663482 225 33988 675783 225 34162 692084 225 39317 747985 225 40131 814086 225 40365 842787 225 40365 842988 225 40399 853189 225 40812 881990 225 41417 891591 225 41666 906492 225 41680 909693 225 41686 910894 225 41885 921395 225 41889 922096 225 42696 945797 225 42821 956398 225 42823 956899 225 42862 9602100 225 43032 9794101 225 43388 9918102 225 43554 10095103 225 43561 10108104 225 44719 10119105 225 45119 10284106 225 45131 10305107 225 45135 10317108 225 45136 10318109 225 45350 10397110 225 45466 10452111 225 46128 10642112 225 46719 10801113 225 46813 10863114 225 46815 10872115 225 48421 11303116 225 48451 11375117 225 48451 11386118 225 48478 11420119 225 48539 11471120 225 49069 11729121 225 49145 11775122 225 49204 11826123 225 49227 11860124 225 49315 11947125 225 49317 11949126 225 49629 12070127 225 49633 12076128 225 49669 12156129 225 49707 12226130 225 49716 12235131 225 49975 12431132 225 49993 12436133 225 50552 12818134 225 50574 12843135 225 50876 12952136 225 50894 12988137 225 50915 13023138 225 51515 13517139 225 51543 13551140 225 51585 13596141 225 51620 13667142 225 51875 13847143 225 51875 13848144 225 51875 13849145 225 51875 13850146 225 51875 13851147 225 51894 13871148 225 52235 13979149 225 52360 14026150 225 52369 14052151 225 52418 14110152 225 52449 14158153 225 52477 14184154 225 52643 14278155 225 52972 14523156 225 53034 14611157 225 53341 14850158 225 53373 14855159 225 53384 14875160 225 53431 14936161 225 53506 14965162 225 53747 15271163 225 53840 15389164 225 53868 15437165 225 54622 15546166 225 54676 15593167 225 55558 15807168 225 55712 15944169 225 55903 16036170 225 55903 16037171 225 57314 16565172 225 57364 16598173 225 57545 16823174 225 57588 16853175 225 57598 16865176 225 57621 16954177 225 57639 17002178 225 57648 17014179 225 58028 17145180 225 58907 17187181 225 58912 17197182 225 58927 17227183 225 58964 17251184 225 59039 17382185 225 59059 17412186 225 59064 17421187 225 59112 17466188 225 59517 17727189 225 61017 17968190 225 61035 17990191 225 61064 18032192 225 61084 18100193 225 61084 18101194 225 61120 18169195 225 61120 18170196 225 61160 18197197 225 61674 18338198 225 62016 18625199 225 62026 18639200 225 62063 18711201 225 62094 18765202 225 62136 18822203 225 62140 18827204 225 62141 18838205 225 62213 18959206 225 62213 18960207 225 62243 18992208 225 62258 19020209 225 62773 19218210 225 62823 19293211 225 62864 19337212 225 62902 19422213 225 63250 19507214 225 63528 19633215 225 63528 19634216 225 63528 19635217 225 63528 19636218 225 63528 19637219 225 63625 19714220 225 63633 19731221 225 64975 19852222 225 65089 19886Original Start time:1473452846.86
First query start time:1473452846.87
First query finish time:1473452853.48
First query total time:6.61152601242
Mega query start time:1473452941.58
Sub query finish time:1473453024.31
Sub query total time:82.7304880619
0 225 229 01 225 232 42 225 326 993 225 624 3744 225 664 4145 225 668 4196 225 754 4327 225 1906 6018 225 2302 6459 225 4793 100810 225 5164 106311 225 5165 106512 225 5171 107313 225 6385 117614 225 6409 121315 225 6417 123416 225 6418 123517 225 6905 142518 225 6917 142819 225 7480 157020 225 7484 157821 225 7653 165522 225 8128 196423 225 8538 204724 225 9263 212325 225 9725 230026 225 9814 235227 225 9971 240928 225 21617 297329 225 21622 297830 225 21838 303631 225 21848 304732 225 21853 305733 225 22475 324234 225 23717 328335 225 24057 329936 225 24108 333237 225 24323 349638 225 24372 355639 225 24528 362740 225 24545 365341 225 24734 386042 225 24739 387543 225 24972 403644 225 25014 410445 225 25015 410546 225 25051 413547 225 25529 424648 225 25534 426749 225 25896 444650 225 25911 444951 225 25943 449152 225 26070 456253 225 26113 459454 225 26113 459555 225 26347 469456 225 28681 510557 225 28681 511158 225 28935 528359 225 29032 535460 225 29047 537961 225 29576 552562 225 29868 576263 225 31038 579664 225 31093 585965 225 31097 586166 225 31534 599767 225 31535 599968 225 33282 623869 225 33304 626370 225 33312 627471 225 33382 632172 225 33399 632773 225 33408 635774 225 33414 637675 225 33425 641776 225 33425 641877 225 33425 641978 225 33436 644379 225 33505 657680 225 33746 662081 225 33754 663482 225 33988 675783 225 34162 692084 225 39317 747985 225 40131 814086 225 40365 842787 225 40365 842988 225 40399 853189 225 40812 881990 225 41417 891591 225 41666 906492 225 41680 909693 225 41686 910894 225 41885 921395 225 41889 922096 225 42696 945797 225 42821 956398 225 42823 956899 225 42862 9602100 225 43032 9794101 225 43388 9918102 225 43554 10095103 225 43561 10108104 225 44719 10119105 225 45119 10284106 225 45131 10305107 225 45135 10317108 225 45136 10318109 225 45350 10397110 225 45466 10452111 225 46128 10642112 225 46719 10801113 225 46813 10863114 225 46815 10872115 225 48421 11303116 225 48451 11375117 225 48451 11386118 225 48478 11420119 225 48539 11471120 225 49069 11729121 225 49145 11775122 225 49204 11826123 225 49227 11860124 225 49315 11947125 225 49317 11949126 225 49629 12070127 225 49633 12076128 225 49669 12156129 225 49707 12226130 225 49716 12235131 225 49975 12431132 225 49993 12436133 225 50552 12818134 225 50574 12843135 225 50876 12952136 225 50894 12988137 225 50915 13023138 225 51515 13517139 225 51543 13551140 225 51585 13596141 225 51620 13667142 225 51875 13847143 225 51875 13848144 225 51875 13849145 225 51875 13850146 225 51875 13851147 225 51894 13871148 225 52235 13979149 225 52360 14026150 225 52369 14052151 225 52418 14110152 225 52449 14158153 225 52477 14184154 225 52643 14278155 225 52972 14523156 225 53034 14611157 225 53341 14850158 225 53373 14855159 225 53384 14875160 225 53431 14936161 225 53506 14965162 225 53747 15271163 225 53840 15389164 225 53868 15437165 225 54622 15546166 225 54676 15593167 225 55558 15807168 225 55712 15944169 225 55903 16036170 225 55903 16037171 225 57314 16565172 225 57364 16598173 225 57545 16823174 225 57588 16853175 225 57598 16865176 225 57621 16954177 225 57639 17002178 225 57648 17014179 225 58028 17145180 225 58907 17187181 225 58912 17197182 225 58927 17227183 225 58964 17251184 225 59039 17382185 225 59059 17412186 225 59064 17421187 225 59112 17466188 225 59517 17727189 225 61017 17968190 225 61035 17990191 225 61064 18032192 225 61084 18100193 225 61084 18101194 225 61120 18169195 225 61120 18170196 225 61160 18197197 225 61674 18338198 225 62016 18625199 225 62026 18639200 225 62063 18711201 225 62094 18765202 225 62136 18822203 225 62140 18827204 225 62141 18838205 225 62213 18959206 225 62213 18960207 225 62243 18992208 225 62258 19020209 225 62773 19218210 225 62823 19293211 225 62864 19337212 225 62902 19422213 225 63250 19507214 225 63528 19633215 225 63528 19634216 225 63528 19635217 225 63528 19636218 225 63528 19637219 225 63625 19714220 225 63633 19731221 225 64975 19852222 225 65089 19886Original Start time:1473647097.1
First query start time:1473647097.1
First query finish time:1473647104.07
First query total time:6.96924304962
Mega query start time:1473647187.91
Sub query finish time:1473647305.56
Sub query total time:117.644529104
0 225 229 01 225 232 42 225 326 993 225 624 3744 225 664 4145 225 668 4196 225 754 4327 225 1906 6018 225 2302 6459 225 4793 100810 225 5164 106311 225 5165 106512 225 5171 107313 225 6385 117614 225 6409 121315 225 6417 123416 225 6418 123517 225 6905 142518 225 6917 142819 225 7480 157020 225 7484 157821 225 7653 165522 225 8128 196423 225 8538 204724 225 9263 212325 225 9725 230026 225 9814 235227 225 9971 240928 225 21617 297329 225 21622 297830 225 21838 303631 225 21848 304732 225 21853 305733 225 22475 324234 225 23717 328335 225 24057 329936 225 24108 333237 225 24323 349638 225 24372 355639 225 24528 362740 225 24545 365341 225 24734 386042 225 24739 387543 225 24972 403644 225 25014 410445 225 25015 410546 225 25051 413547 225 25529 424648 225 25534 426749 225 25896 444650 225 25911 444951 225 25943 449152 225 26070 456253 225 26113 459454 225 26113 459555 225 26347 469456 225 28681 510557 225 28681 511158 225 28935 528359 225 29032 535460 225 29047 537961 225 29576 552562 225 29868 576263 225 31038 579664 225 31093 585965 225 31097 586166 225 31534 599767 225 31535 599968 225 33282 623869 225 33304 626370 225 33312 627471 225 33382 632172 225 33399 632773 225 33408 635774 225 33414 637675 225 33425 641776 225 33425 641877 225 33425 641978 225 33436 644379 225 33505 657680 225 33746 662081 225 33754 663482 225 33988 675783 225 34162 692084 225 39317 747985 225 40131 814086 225 40365 842787 225 40365 842988 225 40399 853189 225 40812 881990 225 41417 891591 225 41666 906492 225 41680 909693 225 41686 910894 225 41885 921395 225 41889 922096 225 42696 945797 225 42821 956398 225 42823 956899 225 42862 9602100 225 43032 9794101 225 43388 9918102 225 43554 10095103 225 43561 10108104 225 44719 10119105 225 45119 10284106 225 45131 10305107 225 45135 10317108 225 45136 10318109 225 45350 10397110 225 45466 10452111 225 46128 10642112 225 46719 10801113 225 46813 10863114 225 46815 10872115 225 48421 11303116 225 48451 11375117 225 48451 11386118 225 48478 11420119 225 48539 11471120 225 49069 11729121 225 49145 11775122 225 49204 11826123 225 49227 11860124 225 49315 11947125 225 49317 11949126 225 49629 12070127 225 49633 12076128 225 49669 12156129 225 49707 12226130 225 49716 12235131 225 49975 12431132 225 49993 12436133 225 50552 12818134 225 50574 12843135 225 50876 12952136 225 50894 12988137 225 50915 13023138 225 51515 13517139 225 51543 13551140 225 51585 13596141 225 51620 13667142 225 51875 13847143 225 51875 13848144 225 51875 13849145 225 51875 13850146 225 51875 13851147 225 51894 13871148 225 52235 13979149 225 52360 14026150 225 52369 14052151 225 52418 14110152 225 52449 14158153 225 52477 14184154 225 52643 14278155 225 52972 14523156 225 53034 14611157 225 53341 14850158 225 53373 14855159 225 53384 14875160 225 53431 14936161 225 53506 14965162 225 53747 15271163 225 53840 15389164 225 53868 15437165 225 54622 15546166 225 54676 15593167 225 55558 15807168 225 55712 15944169 225 55903 16036170 225 55903 16037171 225 57314 16565172 225 57364 16598173 225 57545 16823174 225 57588 16853175 225 57598 16865176 225 57621 16954177 225 57639 17002178 225 57648 17014179 225 58028 17145180 225 58907 17187181 225 58912 17197182 225 58927 17227183 225 58964 17251184 225 59039 17382185 225 59059 17412186 225 59064 17421187 225 59112 17466188 225 59517 17727189 225 61017 17968190 225 61035 17990191 225 61064 18032192 225 61084 18100193 225 61084 18101194 225 61120 18169195 225 61120 18170196 225 61160 18197197 225 61674 18338198 225 62016 18625199 225 62026 18639200 225 62063 18711201 225 62094 18765202 225 62136 18822203 225 62140 18827204 225 62141 18838205 225 62213 18959206 225 62213 18960207 225 62243 18992208 225 62258 19020209 225 62773 19218210 225 62823 19293211 225 62864 19337212 225 62902 19422213 225 63250 19507214 225 63528 19633215 225 63528 19634216 225 63528 19635217 225 63528 19636218 225 63528 19637219 225 63625 19714220 225 63633 19731221 225 64975 19852222 225 65089 19886223 225 65089 19886224 225 65089 19886Finished setup time:1473716669.52
The total time is:69572.418288Average6The completion time was:1473716697.11
The total runtime was:69600.01126
Original Start time:1473720598.47
First query start time:1473720598.47
First query finish time:1473720604.47
First query total time:6.00661301613
Original Start time:1473720614.69
First query start time:1473720614.69
First query finish time:1473720620.71
First query total time:6.02485203743
Mega query start time:1473720714.65
Sub query finish time:1473720806.62
Sub query total time:91.9788918495
0 225 229 01 225 232 42 225 326 993 225 624 3744 225 664 4145 225 668 4196 225 754 4327 225 1906 6018 225 2302 6459 225 4793 100810 225 5164 106311 225 5165 106512 225 5171 107313 225 6385 117614 225 6409 121315 225 6417 123416 225 6418 123517 225 6905 142518 225 6917 142819 225 7480 157020 225 7484 157821 225 7653 165522 225 8128 196423 225 8538 204724 225 9263 212325 225 9725 230026 225 9814 235227 225 9971 240928 225 21617 297329 225 21622 297830 225 21838 303631 225 21848 304732 225 21853 305733 225 22475 324234 225 23717 328335 225 24057 329936 225 24108 333237 225 24323 349638 225 24372 355639 225 24528 362740 225 24545 365341 225 24734 386042 225 24739 387543 225 24972 403644 225 25014 410445 225 25015 410546 225 25051 413547 225 25529 424648 225 25534 426749 225 25896 444650 225 25911 444951 225 25943 449152 225 26070 456253 225 26113 459454 225 26113 459555 225 26347 469456 225 28681 510557 225 28681 511158 225 28935 528359 225 29032 535460 225 29047 537961 225 29576 552562 225 29868 576263 225 31038 579664 225 31093 585965 225 31097 586166 225 31534 599767 225 31535 599968 225 33282 623869 225 33304 626370 225 33312 627471 225 33382 632172 225 33399 632773 225 33408 635774 225 33414 637675 225 33425 641776 225 33425 641877 225 33425 641978 225 33436 644379 225 33505 657680 225 33746 662081 225 33754 663482 225 33988 675783 225 34162 692084 225 39317 747985 225 40131 814086 225 40365 842787 225 40365 842988 225 40399 853189 225 40812 881990 225 41417 891591 225 41666 906492 225 41680 909693 225 41686 910894 225 41885 921395 225 41889 922096 225 42696 945797 225 42821 956398 225 42823 956899 225 42862 9602100 225 43032 9794101 225 43388 9918102 225 43554 10095103 225 43561 10108104 225 44719 10119105 225 45119 10284106 225 45131 10305107 225 45135 10317108 225 45136 10318109 225 45350 10397110 225 45466 10452111 225 46128 10642112 225 46719 10801113 225 46813 10863114 225 46815 10872115 225 48421 11303116 225 48451 11375117 225 48451 11386118 225 48478 11420119 225 48539 11471120 225 49069 11729121 225 49145 11775122 225 49204 11826123 225 49227 11860124 225 49315 11947125 225 49317 11949126 225 49629 12070127 225 49633 12076128 225 49669 12156129 225 49707 12226130 225 49716 12235131 225 49975 12431132 225 49993 12436133 225 50552 12818134 225 50574 12843135 225 50876 12952136 225 50894 12988137 225 50915 13023138 225 51515 13517139 225 51543 13551140 225 51585 13596141 225 51620 13667142 225 51875 13847143 225 51875 13848144 225 51875 13849145 225 51875 13850146 225 51875 13851147 225 51894 13871148 225 52235 13979149 225 52360 14026150 225 52369 14052151 225 52418 14110152 225 52449 14158153 225 52477 14184154 225 52643 14278155 225 52972 14523156 225 53034 14611157 225 53341 14850158 225 53373 14855159 225 53384 14875160 225 53431 14936161 225 53506 14965162 225 53747 15271163 225 53840 15389164 225 53868 15437165 225 54622 15546166 225 54676 15593167 225 55558 15807168 225 55712 15944169 225 55903 16036170 225 55903 16037171 225 57314 16565172 225 57364 16598173 225 57545 16823174 225 57588 16853175 225 57598 16865176 225 57621 16954177 225 57639 17002178 225 57648 17014179 225 58028 17145180 225 58907 17187181 225 58912 17197182 225 58927 17227183 225 58964 17251184 225 59039 17382185 225 59059 17412186 225 59064 17421187 225 59112 17466188 225 59517 17727189 225 61017 17968190 225 61035 17990191 225 61064 18032192 225 61084 18100193 225 61084 18101194 225 61120 18169195 225 61120 18170196 225 61160 18197197 225 61674 18338198 225 62016 18625199 225 62026 18639200 225 62063 18711201 225 62094 18765202 225 62136 18822203 225 62140 18827204 225 62141 18838205 225 62213 18959206 225 62213 18960207 225 62243 18992208 225 62258 19020209 225 62773 19218210 225 62823 19293211 225 62864 19337212 225 62902 19422213 225 63250 19507214 225 63528 19633215 225 63528 19634216 225 63528 19635217 225 63528 19636218 225 63528 19637219 225 63625 19714220 225 63633 19731221 225 64975 19852222 225 65089 19886223 225 65089 19886224 225 65089 19886Finished setup time:1473797339.77
The total time is:76725.081811Average6The completion time was:1473797360.23
The total runtime was:76745.54459
First query start time:1475111796.18
First query end time:1475111796.18
First query total time:0.00767302513123
Start time:1475111796.17
Original Start time:1475111797.99
First query start time:1475111797.99
First query start time:1475112441.95
First query end time:1475112441.95
First query total time:0.0346238613129
Sub query start time:1475112441.99
Sub query finish time:1475112442.0
Sub query total time:0.0118489265442
Sub query start time:1475112442.0
Sub query finish time:1475112442.01
Sub query total time:0.0104219913483
Sub query start time:1475112442.02
Sub query finish time:1475112442.05
Sub query total time:0.0319139957428
Sub query start time:1475112442.11
Sub query finish time:1475112442.12
Sub query total time:0.0109801292419
Sub query start time:1475112442.12
Sub query finish time:1475112442.15
Sub query total time:0.0286898612976
Sub query start time:1475112442.23
Sub query finish time:1475112442.24
Sub query total time:0.00898408889771
Sub query start time:1475112442.24
Sub query finish time:1475112442.25
Sub query total time:0.0110168457031
Sub query start time:1475112442.27
Sub query finish time:1475112442.28
Sub query total time:0.0116820335388
Sub query start time:1475112442.31
Sub query finish time:1475112442.33
Sub query total time:0.0143761634827
Sub query start time:1475112442.36
Sub query finish time:1475112442.38
Sub query total time:0.0117399692535
Sub query start time:1475112442.4
Sub query finish time:1475112442.41
Sub query total time:0.00820803642273
Sub query start time:1475112442.41
Sub query finish time:1475112442.42
Sub query total time:0.00787305831909
Sub query start time:1475112442.42
Sub query finish time:1475112442.43
Sub query total time:0.00817799568176
Sub query start time:1475112442.43
Sub query finish time:1475112442.44
Sub query total time:0.00884103775024
Sub query start time:1475112442.48
Sub query finish time:1475112442.49
Sub query total time:0.0132229328156
Sub query start time:1475112442.53
Sub query finish time:1475112442.54
Sub query total time:0.00808501243591
Sub query start time:1475112442.54
Sub query finish time:1475112442.55
Sub query total time:0.00837683677673
Sub query start time:1475112442.55
Sub query finish time:1475112442.57
Sub query total time:0.0153720378876
Sub query start time:1475112442.68
Sub query finish time:1475112442.7
Sub query total time:0.0171000957489
Sub query start time:1475112442.7
Sub query finish time:1475112442.73
Sub query total time:0.030562877655
Sub query start time:1475112442.93
Sub query finish time:1475112442.97
Sub query total time:0.0396111011505
Sub query start time:1475112443.21
Sub query finish time:1475112443.22
Sub query total time:0.00995016098022
Sub query start time:1475112443.22
Sub query finish time:1475112443.23
Sub query total time:0.0105440616608
Sub query start time:1475112443.26
Sub query finish time:1475112443.33
Sub query total time:0.0615749359131
Sub query start time:1475112444.53
Sub query finish time:1475112444.55
Sub query total time:0.0200750827789
Sub query start time:1475112444.73
Sub query finish time:1475112444.74
Sub query total time:0.0100388526917
Sub query start time:1475112444.77
Sub query finish time:1475112444.78
Sub query total time:0.0101459026337
Sub query start time:1475112444.79
Sub query finish time:1475112444.79
Sub query total time:0.0083281993866
Sub query start time:1475112444.81
Sub query finish time:1475112444.84
Sub query total time:0.0375370979309
Sub query start time:1475112447.45
Sub query finish time:1475112447.51
Sub query total time:0.0531589984894
Sub query start time:1475112448.73
Sub query finish time:1475112448.74
Sub query total time:0.013218164444
Sub query start time:1475112448.82
Sub query finish time:1475112448.83
Sub query total time:0.0098249912262
Sub query start time:1475112448.84
Sub query finish time:1475112448.85
Sub query total time:0.0097119808197
Sub query start time:1475112448.88
Sub query finish time:1475112448.89
Sub query total time:0.00862908363342
Sub query start time:1475112448.9
Sub query finish time:1475112448.9
Sub query total time:0.00870680809021
Sub query start time:1475112448.91
Sub query finish time:1475112448.93
Sub query total time:0.0139009952545
Sub query start time:1475112449.04
Sub query finish time:1475112449.05
Sub query total time:0.0124080181122
Sub query start time:1475112449.21
Sub query finish time:1475112449.22
Sub query total time:0.0100631713867
Sub query start time:1475112449.22
Sub query finish time:1475112449.23
Sub query total time:0.00874590873718
Sub query start time:1475112449.24
Sub query finish time:1475112449.25
Sub query total time:0.0118408203125
Sub query start time:1475112449.37
Sub query finish time:1475112449.4
Sub query total time:0.0252051353455
Sub query start time:1475112450.1
Sub query finish time:1475112450.12
Sub query total time:0.0194640159607
Sub query start time:1475112450.52
Sub query finish time:1475112450.55
Sub query total time:0.0262150764465
Sub query start time:1475112451.83
Sub query finish time:1475112451.85
Sub query total time:0.0251722335815
Sub query start time:1475112452.03
Sub query finish time:1475112452.05
Sub query total time:0.0251040458679
Sub query start time:1475112452.48
Sub query finish time:1475112452.49
Sub query total time:0.0100409984589
Sub query start time:1475112452.57
Sub query finish time:1475112452.59
Sub query total time:0.0207550525665
Sub query start time:1475112453.06
Sub query finish time:1475112453.11
Sub query total time:0.0462071895599
Sub query start time:1475112455.11
Sub query finish time:1475112455.17
Sub query total time:0.0563600063324
Sub query start time:1475112456.64
Sub query finish time:1475112456.65
Sub query total time:0.0119171142578
Sub query start time:1475112456.69
Sub query finish time:1475112456.69
Sub query total time:0.0088369846344
Sub query start time:1475112456.7
Sub query finish time:1475112456.71
Sub query total time:0.00944685935974
Sub query start time:1475112458.24
Sub query finish time:1475112458.25
Sub query total time:0.00971007347107
Sub query start time:1475112458.28
Sub query finish time:1475112458.29
Sub query total time:0.0127730369568
Sub query start time:1475112458.42
Sub query finish time:1475112458.47
Sub query total time:0.0468900203705
Sub query start time:1475112459.87
Sub query finish time:1475112459.88
Sub query total time:0.0120368003845
Sub query start time:1475112459.93
Sub query finish time:1475112459.97
Sub query total time:0.0323240756989
Start time:1475112441.95
Setup finish time:1475112441.95
Setup time:18.7773690224
Finish time:1475112471.27
Total  time:29.3239929676
Original Start time:1475112473.68
First query start time:1475112473.69
First query finish time:1475112476.92
First query total time:3.23887491226
Mega query start time:1475112492.85
Sub query finish time:1475112502.3
Sub query total time:9.45390200615
0 59 59 01 59 78 202 59 306 923 59 321 1034 59 524 2125 59 525 2146 59 564 2327 59 627 2548 59 680 3049 59 734 33110 59 735 33211 59 738 33512 59 742 33813 59 819 34314 59 863 38015 59 875 38216 59 876 38317 59 923 42118 59 924 42219 59 1029 49220 59 1196 57821 59 1197 57922 59 1230 59423 59 2050 71024 59 2133 79525 59 2162 80426 59 2164 80727 59 2169 81228 59 3447 93929 59 3707 119230 59 3732 121531 59 3734 121732 59 3742 122733 59 3745 123234 59 3746 123635 59 3771 128736 59 3819 133237 59 3819 133338 59 3823 133739 59 3861 136540 59 4007 144841 59 4073 151542 59 4214 162243 59 4230 164244 59 4314 168845 59 4345 169246 59 4417 180047 59 4949 189448 59 5225 204049 59 5228 204950 59 5228 205051 59 5728 205352 59 5735 206353 59 5754 208654 59 5899 221855 59 5910 224256 59 6017 235657 59 6021 236258 59 6315 2533Finished setup time:1475114520.74
The total time is:2047.05249405Average4The completion time was:1475114530.99
The total runtime was:2057.30939388
